$ANSIBLE_VAULT;1.1;AES256
65326333306436313832343565663535353036653537616136623864346630616261343962356164
3361666430633738643465653436663936386432306438320a623265306262383533653536373766
62656363303061393131303631633138336237646539663731316562363336663038303362343734
3331643462303535340a333037383634343735363466393036396235303063316534353762623661
62306231343164316561333035353661386264363965663933306165353732343835636462306434
34333732623866646637663661663633376262383538653033376532363264643239343139336531
65323837373330623264656430363631646664366266636338373866343935316137356365626133
35393335323930666634663563386165663736613831393463396662303061636537306436623061
36616535646339373232643537653164346362623064363632396564613831646661646130353830
61643138326136623930613532613234636233396265666166633735633038663932386632646639
62313539643664313562353762653962663162356166643135656133363034636235633465643766
61336566353961323535376130343839346364326362396531653066313430313865326435626132
37636262363863316337323961613966663266363465303763326361393338326162346266363061
30386434343130623636653239303363643030383736653232383366393863333566323732613133
31643332376432643537393266326234623636623663323864383235393430613765386663386135
63366334383763356332646632663231316539646237376232303561376661303735333631626666
33393434663238333533623161373039306435313265663531626239386533636335636537373335
63396562623337383936363431313365343039633437626262353538613564356434313430393639
31393762323239366662663666303466363134323464383932653338363164313364346362326230
63643065613839613433643230333837636538396264343261613632616435386563346166396630
38343135323436646231343036353439323933643561376432326265343563623966623736336665
62313133663066336639666461613064656632316365356661663464613339643165643766393634
33623936343837323034303034396264303733363335313237376136363239323131363162323831
39646439346131306535313263633237393865373663333938303630373265356335326166633836
38633436626262346630653162663336356665633734333637313430653463353034666636366333
32656264323939396166333133636631373636373233343334353439313839653637326165353335
31323131333138303264346566646639323738643431623137656633376234363865333865353465
30613236336132653265343532323830303961633462363266626564616239643165326265306165
31333735313439623038323031636638373339393030353638323862666232386433633635393631
63346562633035333365616434663033353735326666333332356365313933306664333932313639
35636562613466626338653532313939313337323135396135333036343738313762326461333837
30663863613739633831313633316231636139626431313838373862653634366632646266333762
33626432626365356361346366313536306666346164316663383266306665623964323736363864
37303734363964323035333863646437616562356632393633616262633061663862383865653463
33303931373732643030373234306335313030623132353939313639316232303034323061353536
31346638306338643636616630336236656666626461383139353936376561626363323831376233
34373234363036643937376464643664616363353762303765383564353133386338633434313534
30303935623138613962643137363035363566613161306636663137633362396536386162323961
62383637336133316161306239303630386466393064373137656265613861616531313639643561
62616431323561383735333866353362613864363034643036656330636332623635326235356434
64323232316165336565663538343630363036663066393666313864363930396538663635363239
65613836393738306537613832656166356134323830623966343834363939353533306138373836
32343365373639616139653336303235313165393331303433343239396566326431663464336661
65656533646131623938393562613031316633326531353766393665323666383239363563656638
66323235656261376439663530613061623431333636316166343439383064616132303163663532
63383438363030653932306130313139306634316430646436353730336362376563353365663936
62333065366638626430373632303163386164663034643330323237613437353936313431366561
30343434323266326633393038623937623032343364353433626335363861343037616365613161
34303836633666353333366366663732643937383739633332613965623035646466306233396237
64613464616162663665306466313630383234306538353630626432623735626533613539353831
37373330366662656330656666626234623538313234326238656138343664396166666634306330
30656339633730323039656662663465633465346538633266373462346630616163303233366433
65303463336239333732636231656337656337383031313363313635626162373761633535323638
34306532663761386430616534666537383338383864613266376539623637393433306661613566
34653861373465333237336361313064336562313833653363316535643865656431656436383135
35306562613734373830653761393335353764653930646232333165336365363263653338663432
66303632323764353735616361303830323132623461643338343030633733303063353330393737
34323537303863303237323866663934656634373836386237666435663139663138613033623765
65396461323134316562356165616135653363363338313866376332626135326130393331626331
63346233356131303335386336303033656232663130333561613463313537623166396465376536
31383331333137666463656165666362613835323730656466343961663434306334363365373037
62386631363963346232636434366532666362313330363437363130646162353064613834313532
63343364313839386530653338323239666531636666663330333434663065643261303066373164
35623764313430343065656135653065333039323134636663653335663436303331383735366666
33326238373238333639646237383864316630326666343032663662616365316133623438326463
63343765336264646434386264643831303037666337353865343462396666323465396435373635
33373832356365333432363238333735393336353034663561656235333861656239353632646539
31656261336634386565386135333462623161336333623961646335346435333836616335316334
32653132376264396230363330613462306166636132376566343934623036323734636163323037
36353365613334346236346162653433656333356639356638343833303561343961336362393166
33666665326465643235356331386237633038313039323236316663386438373835653963623564
34633633363536313837653131326666363561666361336430653737623430336539393361346235
61663630633737326639656536343035366335653031633236373634363438303939626335336463
66643334393932386665373062613262616436336565363836373739613664316565373431353366
61646631643464393465303432326265396636376232326638383961373433366133333734646137
36373133656163626361333632306265396661623066666637343630653637643661363730376636
36633864383162396438393139303633313839343066393962363566343366386261616164616663
61316565313239396164623439303339613635653531333266663265663533343966643432363764
65343236346661303666326565393835393235663165643866383661666165613033353136333364
32646639663361383637393834313335313433623264656439646366626433636236393732323164
65396366643763396137636434393839633363633462303761613236346366613464363838356665
63343765376439336563333838356538666534343336376466363733663331353538396231643433
64393135326434636434306236303831656566623662313831303939326339363461656333616433
35663034326439663739613332633933363532636334626333386664383465373630346466346132
32373039316236303531326435346638616237363962396332303130616332636633313262666561
37623337626635376330633335663335373261396534306666333238623634356366326533396532
63373733313563366633363861323633616130353731326366383532616633653764623731643536
31383031613233643932643331373530626134643465303964623065313063636566656233353532
64303531303836396230353438333961333862616638306333633735353864306361366437343732
33316465316661623434313339636637663134316131356564326233643765366532316264356366
34353932383865613463623761656532313363343065386630363262356662663134636535313839
31396538656466343931623662333261643332386164643162343664626438346365336539643835
66653835393233363465346334636363353265616235306661623636323463316134653832626638
32626536666665646564383965643033626366393462333333316662623363633133393639393539
37303731393434353830636630626631396561396161303864353235326464353261303737613037
38626439376536376561363536623638376336326434613363393732646534346238653434303530
65373362646232666661336261623232393937366131386530633935323961653362633339386235
37316632366538633564363535346662343863373735386563643063333339646561663463373034
62653438356539613365633039326634616563313535343739346163373438373138663532396234
36393638333164323238643666616538366635643933313336626665323937636533333533663737
65363464663064653932633032636338386530343763623461613639633963633832363536363032
61656232626533646538353963633230373937373737363164316663373363336463393133393536
37313237396566353631343336316537356530646639666632346430666463636539363030633737
33616131353531326536616639646161303331306232633636363837323936333030393362326334
36336332643338373437386264376335353164356430663363383032613535313532303666316135
64383264626633363639323066393063373465306334656465393436353235373466663436656437
39383863633431643563343836386535633135653735386630336162616137356165613261396238
37623938383136393436363439663834383638666638626332636363333035306565306136613031
64623936633732383466623964346666643734323962366234396536326162663762333366393330
36626662626131643534613439626661333562376562643862386532323262643534353264363335
61326635393838653836316530326236643366323433666531333662386261666233666263353665
63613539323531373333316461636331363230633764343832633234353135393066333963363666
36633261303439656166383331383832363433323038303438623439636461656666326263323036
35363232396333613334373061303435323638333334363131636537623461623438663537643032
62653764663264393162643063336539626234303637623130623763353665396465393937663637
62336130643163626532323033383433643863356637353035326139346133626237323130333836
36363936623762376135346463313465376130393933376434306265326264303532653864376364
36633863653664646336346234613461663239346166653732333236333639306266613666346364
65393763393334363166396338313131353830323266346632316136653738653365633738656636
36623830366361396139366465343065306137343139663464616136333966383739356534613461
34636539633530383136383833653161636637346261613333653664366538326565653564336430
61323566633230356163353532396132316434363536646162346661666433353232633863383634
32666262643839613032323534393532633164363834396430653730303831303039663539623532
33323135393236646561663364366161323332323735376466616338636134646637646233356432
33613936666361643865623864366562386365663861396230643465613963616665383639353530
35616166373066386333343834623431363562313764343836353765386431623134303636623335
33393336663235373266383266306630333332356262303030646531613733633065336162653062
66663134363133623134343332383730613939373737643166393266323438333235633430336335
64663433383664353838633766353731306166623235653830303662393433306262373839616337
30306463643135313866316666383161646461623730643431376565353961636434633839373061
31383232643531663361633862313335393737366264656339626262653364356638663762613232
33643161353465633361613564613634373362343066316666656535613031373361376165343638
34316631333664373633376362306433613437303935353938633130623636356637303666656239
6266343931336264303332326331313266396333343565633935
